Initial values:
*-2.850000 *-1.450000 0.038547 -0.105697 -0.028284 0.071422 0.235871 -0.025853 0.004018 -0.164550 
* - visible neuron.

Weights:
-0.109136 -0.367119 -0.016842 -0.215497 -0.009789 -0.298609 0.013109 -0.211491 -0.032991 -0.168518 
0.110292 -0.017911 0.133323 -0.151163 0.143562 0.141789 -0.119302 -0.232626 -0.089191 0.010186 
-0.087964 -0.088912 -0.165248 0.061161 -0.005041 0.168316 0.083782 0.155193 -0.121239 0.125576 
0.149521 0.045888 0.019992 -0.121217 0.067456 -0.156388 0.050698 -0.234782 -0.041449 0.106180 
-0.132515 -0.126450 0.069148 0.081019 0.011989 -0.125545 0.113383 -0.018973 -0.167692 -0.159925 
0.320766 -0.166247 -0.025173 0.038278 -0.060072 -0.027457 0.118831 0.005604 0.075938 0.019842 
-0.057022 0.010836 -0.039318 0.058937 0.008243 -0.276086 -0.117248 0.000069 -0.189330 -0.165928 
0.192254 0.049418 0.078661 0.082862 -0.103673 -0.106723 0.078898 -0.137093 0.086316 -0.079939 
-0.161648 -0.134315 0.008120 -0.019610 0.112103 -0.070872 0.005272 0.059920 -0.022456 -0.173633 
0.129678 -0.166976 -0.161398 0.032555 -0.072686 -0.072175 -0.037393 0.073639 0.031597 -0.096957 
