Initial values:
*0.999992 0.061200 0.222096 0.173857 0.323957 0.457244 0.227202 0.102112 
* - visible neuron.

Weights:
-4.354394 1.540803 -1.516519 0.317149 -5.697509 -0.632140 -2.469037 0.592685 
-1.088099 -0.077215 0.765493 -0.136048 0.279562 0.455321 0.789295 0.608319 
1.243587 -0.515585 0.301029 -0.415052 1.120879 -0.254672 0.591756 -0.619549 
-0.255126 0.345307 0.351235 -0.109229 0.270683 0.484143 0.537727 0.355785 
3.266296 -0.293051 -1.083940 0.242971 0.831654 -0.034222 -0.411921 -0.932475 
0.609448 -0.106802 0.468145 -0.196953 0.820930 0.073660 0.709865 -0.094588 
1.961384 -0.597289 -0.239928 -0.255229 1.127747 -0.346813 0.052740 -0.415591 
-0.120367 -0.213064 0.744634 -0.389802 1.004311 -0.017771 1.106213 0.062163 
