Initial values:
*0.333977 *-1.648465 13.672589 11.183934 -8.029636 -1.236145 1.915776 -5.991894 -14.353129 8.313496 
* - visible neuron.

Weights:
-0.100423 -0.424790 -0.458430 -0.317110 -0.734608 -0.425054 -0.414971 -0.183254 -0.595608 -0.762672 
-0.074220 -0.114482 0.107690 -0.230225 0.049539 0.137187 -0.336122 -0.286717 -0.185094 -0.256168 
-0.116860 -0.160831 -0.234153 -0.022260 -0.259617 0.094153 -0.217995 0.149245 -0.257391 -0.139038 
0.134650 -0.049234 -0.082250 -0.202992 -0.237106 -0.336514 -0.340744 -0.266249 -0.252699 -0.265233 
-0.161305 -0.225412 -0.217394 0.061494 -0.569449 -0.172949 -0.180267 -0.027281 -0.366327 -0.664678 
0.302624 -0.347341 -0.191036 -0.058832 -0.339659 -0.175326 -0.145431 0.009873 -0.195658 -0.342117 
-0.064764 0.019575 -0.100381 0.006952 -0.168181 -0.323080 -0.239521 -0.012438 -0.310338 -0.236200 
0.169464 -0.061641 -0.059751 -0.038162 -0.165603 -0.101425 -0.015802 -0.160305 0.047082 -0.156516 
-0.159363 -0.391582 -0.125950 -0.159416 0.095585 -0.126105 -0.152823 0.039063 -0.359736 -0.251149 
0.109063 -0.211090 -0.266588 -0.062507 -0.403421 -0.089863 -0.318108 0.060686 -0.042223 -0.314447 
